2                           

8                          
0.375 0.375 0.625
0.625 0.375 0.625
0.375 0.625 0.625
0.625 0.625 0.625
0.375 0.625 0.375
0.625 0.625 0.375
0.375 0.375 0.375
0.625 0.375 0.375
0 0 255
0 0 220
0 0 210
0 0 180
0 0 150
0 0 120
0 0 100
0 0 90
12                          
1 2 3
3 2 4
3 4 5
5 4 6
5 6 7
7 6 8
7 8 1
1 8 2
2 8 4
4 8 6
7 1 5
5 1 3
1
1
1
1
1
1
1
1
1
1
1
1


12                          
0.75 0.1974269 0.5850651   
0.8350651 0.25 0.5525731
0.8350651 0.25 0.4474269
0.6649349 0.25 0.4474269
0.6649349 0.25 0.5525731
0.6974269 0.3350651 0.5
0.8025731 0.3350651 0.5
0.8025731 0.1649349 0.5
0.6974269 0.1649349 0.5
0.75 0.1974269 0.4149349
0.75 0.3025731 0.4149349
0.75 0.3025731 0.5850651
0 255 100
0 0 100
255 0 100
0 0 100
255 0 150
0 0 255
0 255 200
0 0 255
255 0 100
0 0 255
255 0 180
0 0 255
20                         
2 3 7                    
2 8 3
4 5 6
5 4 9
7 6 12
6 7 11
10 11 3
11 10 4
8 9 10
9 8 1
12 1 2
1 12 5
7 3 11
2 7 12
4 6 11
6 5 12
3 8 10
8 2 1
4 10 9
5 9 1
1
1
1
1
1
1
1
1
1
1
1
1
1
1
1
1
1
1
1
1

